%Teta1 Ideal	Teta1 Real	Teta2 Ideal	Teta2 Real	X Ideal		X real		Y Ideal		Y Real
  0.00		  0.00		  0.00		  0.00		20.00		20.00		 0.00		 0.00
  8.11		  8.00		 16.22		 16.00		19.80		19.81		 0.00		 0.00
 11.48		 11.00		 22.96		 22.00		19.60		19.63		 0.00		 0.00
 14.07		 14.00		 28.14		 28.00		19.40		19.41		 0.00		 0.00
 16.26		 16.00		 32.52		 32.00		19.20		19.23		 0.00		 0.00
 18.19		 18.00		 36.39		 36.00		19.00		19.02		 0.00		 0.00
 19.95		 20.00		 39.90		 40.00		18.80		18.79		 0.00		 0.00
 21.57		 22.00		 43.13		 44.00		18.60		18.54		 0.00		 0.00
 23.07		 23.00		 46.15		 46.00		18.40		18.41		 0.00		 0.00
 24.49		 24.00		 48.99		 48.00		18.20		18.27		 0.00		 0.00
 25.84		 26.00		 51.68		 52.00		18.00		17.98		 0.00		 0.00
 27.13		 27.00		 54.25		 54.00		17.80		17.82		 0.00		 0.00
 28.36		 28.00		 56.72		 56.00		17.60		17.66		 0.00		 0.00
 29.54		 30.00		 59.08		 60.00		17.40		17.32		 0.00		 0.00
 30.68		 31.00		 61.37		 62.00		17.20		17.14		 0.00		 0.00
 31.79		 32.00		 63.58		 64.00		17.00		16.96		 0.00		 0.00
 32.86		 33.00		 65.72		 66.00		16.80		16.77		 0.00		 0.00
 33.90		 34.00		 67.80		 68.00		16.60		16.58		 0.00		 0.00
 34.92		 35.00		 69.83		 70.00		16.40		16.38		 0.00		 0.00
 35.90		 36.00		 71.81		 72.00		16.20		16.18		 0.00		 0.00
 36.87		 37.00		 73.74		 74.00		16.00		15.97		 0.00		 0.00
 37.81		 38.00		 75.63		 76.00		15.80		15.76		 0.00		 0.00
 38.74		 39.00		 77.48		 78.00		15.60		15.54		 0.00		 0.00
 39.65		 40.00		 79.29		 80.00		15.40		15.32		 0.00		 0.00
 40.54		 41.00		 81.07		 82.00		15.20		15.09		 0.00		 0.00
 41.41		 41.00		 82.82		 82.00		15.00		15.09		 0.00		 0.00
 41.00		 41.00		 82.00		 82.00		15.09		15.09		 0.00		 0.00
 41.77		 42.00		 82.02		 82.00		15.09		15.09		 0.20		 0.26
 42.53		 43.00		 82.02		 83.00		15.09		14.97		 0.40		 0.39
 43.28		 43.00		 81.99		 82.00		15.08		15.08		 0.60		 0.53
 44.01		 44.00		 81.95		 82.00		15.08		15.07		 0.80		 0.79
 44.73		 45.00		 81.88		 82.00		15.08		15.06		 1.00		 1.05
 45.44		 45.00		 81.78		 81.00		15.07		15.16		 1.20		 1.19
 46.14		 46.00		 81.66		 82.00		15.07		15.04		 1.40		 1.32
 46.82		 47.00		 81.52		 82.00		15.06		15.01		 1.60		 1.58
 47.49		 48.00		 81.36		 82.00		15.06		14.98		 1.80		 1.84
 48.15		 48.00		 81.17		 81.00		15.06		15.08		 2.00		 1.99
 48.80		 49.00		 80.96		 81.00		15.05		15.04		 2.20		 2.25
 49.42		 49.00		 80.73		 80.00		15.05		15.13		 2.40		 2.40
 50.04		 50.00		 80.47		 80.00		15.05		15.09		 2.60		 2.66
 50.64		 51.00		 80.19		 81.00		15.04		14.95		 2.80		 2.77
 51.22		 51.00		 79.88		 80.00		15.04		15.04		 3.00		 2.92
 51.79		 52.00		 79.55		 80.00		15.03		14.99		 3.20		 3.19
 52.35		 52.00		 79.20		 79.00		15.03		15.07		 3.40		 3.34
 52.89		 53.00		 78.83		 79.00		15.03		15.01		 3.60		 3.60
 53.41		 53.00		 78.43		 78.00		15.02		15.08		 3.80		 3.76
 53.92		 54.00		 78.00		 78.00		15.02		15.01		 4.00		 4.02
 54.41		 54.00		 77.56		 77.00		15.02		15.08		 4.20		 4.18
 54.88		 55.00		 77.09		 77.00		15.01		15.01		 4.40		 4.45
 55.34		 55.00		 76.59		 76.00		15.01		15.07		 4.60		 4.61
 55.77		 56.00		 76.07		 76.00		15.00		14.99		 4.80		 4.87
 56.20		 56.00		 75.52		 75.00		15.00		15.05		 5.00		 5.03
 56.00		 56.00		 75.00		 75.00		15.05		15.05		 5.03		 5.03
 54.93		 55.00		 74.15		 74.00		15.19		15.19		 4.89		 4.94
 53.84		 54.00		 73.28		 73.00		15.33		15.33		 4.75		 4.83
 52.76		 53.00		 72.37		 73.00		15.47		15.42		 4.60		 4.57
 51.66		 52.00		 71.44		 72.00		15.61		15.55		 4.46		 4.46
 50.56		 51.00		 70.48		 71.00		15.75		15.69		 4.32		 4.35
 49.45		 49.00		 69.48		 69.00		15.90		15.96		 4.17		 4.13
 48.33		 48.00		 68.46		 68.00		16.04		16.09		 4.03		 4.01
 47.20		 47.00		 67.40		 67.00		16.18		16.22		 3.88		 3.89
 46.06		 46.00		 66.31		 66.00		16.32		16.34		 3.74		 3.77
 44.92		 45.00		 65.19		 65.00		16.46		16.47		 3.60		 3.65
 43.76		 44.00		 64.02		 64.00		16.60		16.59		 3.45		 3.53
 42.59		 42.00		 62.82		 62.00		16.75		16.83		 3.31		 3.27
 41.41		 41.00		 61.58		 61.00		16.89		16.94		 3.16		 3.14
 40.21		 40.00		 60.30		 60.00		17.03		17.06		 3.02		 3.01
 39.00		 39.00		 58.98		 59.00		17.17		17.17		 2.88		 2.87
 37.77		 38.00		 57.60		 58.00		17.31		17.28		 2.73		 2.74
 36.53		 37.00		 56.18		 57.00		17.45		17.38		 2.59		 2.60
 35.27		 35.00		 54.71		 54.00		17.59		17.65		 2.45		 2.48
 33.98		 34.00		 53.18		 53.00		17.74		17.75		 2.30		 2.34
 32.68		 33.00		 51.59		 52.00		17.88		17.84		 2.16		 2.19
 31.34		 31.00		 49.93		 49.00		18.02		18.08		 2.01		 2.06
 29.98		 30.00		 48.20		 48.00		18.16		18.17		 1.87		 1.91
 28.59		 29.00		 46.39		 47.00		18.30		18.26		 1.73		 1.76
 27.15		 27.00		 44.50		 44.00		18.44		18.47		 1.58		 1.62
 25.67		 26.00		 42.49		 43.00		18.58		18.55		 1.44		 1.46
 24.14		 24.00		 40.38		 40.00		18.73		18.75		 1.29		 1.31
 22.56		 23.00		 38.13		 39.00		18.87		18.82		 1.15		 1.15
 20.89		 21.00		 35.72		 36.00		19.01		19.00		 1.01		 1.00
 19.14		 19.00		 33.12		 33.00		19.15		19.16		 0.86		 0.84
 17.27		 17.00		 30.28		 30.00		19.29		19.31		 0.72		 0.67
 15.26		 15.00		 27.12		 27.00		19.43		19.44		 0.58		 0.51
 13.02		 13.00		 23.52		 23.00		19.58		19.59		 0.43		 0.51
 10.45		 11.00		 19.23		 20.00		19.72		19.69		 0.29		 0.34
  7.22		  7.00		 13.61		 13.00		19.86		19.87		 0.14		 0.17
  0.00		  0.00		  0.00		  0.00		20.00		20.00		 0.00		 0.00
